ModelType,Species,Jaccard,TPR,TNR,TSS,ACC,AUC,kappa
Anemone_ENM,Cryptodendrum_adhaesivum,0.5862676056338029,0.9652173913043478,0.3536231884057971,0.318840579710145,0.6594202898550725,0.6478806973324932,0.318840579710145
Anemone_ENM,Entacmaea_quadricolor,0.13063063063063063,0.13679245283018868,0.9528301886792453,0.08962264150943389,0.5448113207547169,0.46816408567699064,0.08962264150943389
Anemone_ENM,Heteractis_aurora,0.28623188405797095,0.35267857142857145,0.7678571428571429,0.12053571428571441,0.5602678571428571,0.5670464963329082,0.12053571428571419
Anemone_ENM,Heteractis_crispa,0.5947467166979362,0.9753846153846154,0.36,0.3353846153846154,0.6676923076923077,0.6420213017751479,0.3353846153846154
Anemone_ENM,Heteractis_magnifica,0.6049204052098408,0.954337899543379,0.4223744292237443,0.37671232876712324,0.6883561643835616,0.7160453284960697,0.37671232876712324
Anemone_ENM,Heteractis_malu,0.7027027027027027,0.9558823529411765,0.6397058823529411,0.5955882352941178,0.7977941176470589,0.7433499134948098,0.5955882352941178
Anemone_ENM,Macrodactyla_doreensis,0.7064220183486238,0.927710843373494,0.6867469879518072,0.6144578313253013,0.8072289156626506,0.87247786326027,0.6144578313253013
Anemone_ENM,Stichodactyla_gigantea,0.5584905660377358,0.9704918032786886,0.26229508196721313,0.23278688524590163,0.6163934426229508,0.5708895458210158,0.23278688524590163
Anemone_ENM,Stichodactyla_haddoni,0.5415896487985212,0.9575163398692811,0.23202614379084968,0.1895424836601307,0.5947712418300654,0.5501783502071853,0.1895424836601307
Anemone_ENM,Stichodactyla_mertensii,0.6288288288288288,0.9914772727272727,0.42329545454545453,0.4147727272727273,0.7073863636363636,0.6956918259297521,0.4147727272727273
Clownfish_EBM,Amphiprion_akallopisos,0.891566265060241,0.9779735682819384,0.9030837004405287,0.8810572687224671,0.9405286343612335,0.9638261949581789,0.8810572687224669
Clownfish_EBM,Amphiprion_akindynos,0.9105571847507331,0.9936,0.9088,0.9024000000000001,0.9512,0.97221504,0.9024000000000001
Clownfish_EBM,Amphiprion_allardi,0.9696969696969697,1,0.96875,0.96875,0.984375,0.9920789930555556,0.96875
Clownfish_EBM,Amphiprion_barberi,0.9777777777777777,0.9887640449438202,0.9887640449438202,0.9775280898876404,0.9887640449438202,0.9943188991288979,0.9775280898876404
Clownfish_EBM,Amphiprion_bicinctus,0.9633507853403142,0.9787234042553191,0.9840425531914894,0.9627659574468086,0.9813829787234043,0.9912432095971028,0.9627659574468086
Clownfish_EBM,Amphiprion_chagosensis,1,1,1,1,1,1,1
Clownfish_EBM,Amphiprion_chrysogaster,0.85,0.85,1,0.8500000000000001,0.925,0.95,0.8500000000000001
Clownfish_EBM,Amphiprion_chrysopterus,0.9094567404426559,0.9868995633187773,0.9148471615720524,0.9017467248908297,0.9508733624454149,0.9534905894243053,0.9017467248908297
Clownfish_EBM,Amphiprion_clarkii,0.5685154975530179,0.9844632768361582,0.268361581920904,0.2528248587570623,0.626412429378531,0.6414586425516294,0.25282485875706207
Clownfish_EBM,Amphiprion_ephippium,0.9655172413793104,1,0.9642857142857143,0.9642857142857144,0.9821428571428571,0.9748086734693877,0.9642857142857142
Clownfish_EBM,Amphiprion_frenatus,0.7317784256559767,0.943609022556391,0.7105263157894737,0.6541353383458648,0.8270676691729323,0.8190612810221041,0.6541353383458646
Clownfish_EBM,Amphiprion_fuscocaudatus,0.9047619047619048,0.9047619047619048,1,0.9047619047619047,0.9523809523809523,0.9761904761904762,0.9047619047619047
Clownfish_EBM,Amphiprion_latezonatus,0.8333333333333334,0.8333333333333334,1,0.8333333333333335,0.9166666666666666,0.9222222222222223,0.8333333333333333
Clownfish_EBM,Amphiprion_latifasciatus,0.9767441860465116,1,0.9761904761904762,0.9761904761904763,0.9880952380952381,1,0.9761904761904763
Clownfish_EBM,Amphiprion_leucokranos,0.9,0.9,1,0.8999999999999999,0.95,0.95,0.8999999999999999
Clownfish_EBM,Amphiprion_mccullochi,0.5,0.5,1,0.5,0.75,0.75,0.5
Clownfish_EBM,Amphiprion_melanopus,0.7004048582995951,0.9857549857549858,0.5925925925925926,0.5783475783475782,0.7891737891737892,0.847216134609297,0.5783475783475784
Clownfish_EBM,Amphiprion_nigripes,0.95,0.95,1,0.95,0.975,0.98125,0.95
Clownfish_EBM,Amphiprion_ocellaris,0.6706783369803063,0.9231927710843374,0.6234939759036144,0.5466867469879517,0.7733433734939759,0.8108091250544346,0.5466867469879517
Clownfish_EBM,Amphiprion_omanensis,0.4375,0.4375,1,0.4375,0.71875,0.75,0.4375
Clownfish_EBM,Amphiprion_pacificus,0.875,0.875,1,0.875,0.9375,0.9375,0.875
Clownfish_EBM,Amphiprion_percula,0.8484162895927602,0.9920634920634921,0.8306878306878307,0.8227513227513228,0.9113756613756614,0.9229689818314156,0.8227513227513228
Clownfish_EBM,Amphiprion_perideraion,0.6317365269461078,0.932596685082873,0.523756906077348,0.456353591160221,0.7281767955801105,0.719612343945545,0.456353591160221
Clownfish_EBM,Amphiprion_polymnus,0.7424242424242424,0.9560975609756097,0.7121951219512195,0.6682926829268292,0.8341463414634146,0.834360499702558,0.6682926829268292
Clownfish_EBM,Amphiprion_rubrocinctus,0.940677966101695,0.9955156950672646,0.9417040358744395,0.9372197309417041,0.968609865470852,0.9699270043636511,0.9372197309417041
Clownfish_EBM,Amphiprion_sandaracinos,0.7616580310880829,0.9074074074074074,0.808641975308642,0.7160493827160495,0.8580246913580247,0.8606348117664989,0.7160493827160495
Clownfish_EBM,Amphiprion_sebae,0.654320987654321,0.9298245614035088,0.5789473684210527,0.5087719298245614,0.7543859649122807,0.7389966143428747,0.5087719298245614
Clownfish_EBM,Amphiprion_tricinctus,1,1,1,1,1,1,1
Clownfish_EBM,Premnas_biaculeatus,0.7092866756393001,0.975925925925926,0.6240740740740741,0.6000000000000001,0.8,0.8194735939643347,0.6000000000000001
Clownfish_ENM,Amphiprion_akallopisos,0.9061224489795918,0.9779735682819384,0.920704845814978,0.8986784140969164,0.9493392070484582,0.9640493702575249,0.8986784140969164
Clownfish_ENM,Amphiprion_akindynos,0.9102941176470588,0.9904,0.912,0.9024000000000001,0.9512,0.97196032,0.9024000000000001
Clownfish_ENM,Amphiprion_allardi,0.9896907216494846,1,0.9895833333333334,0.9895833333333335,0.9947916666666666,0.9908311631944445,0.9895833333333333
Clownfish_ENM,Amphiprion_barberi,0.9887640449438202,0.9887640449438202,1,0.9887640449438202,0.9943820224719101,0.9943820224719101,0.9887640449438202
Clownfish_ENM,Amphiprion_bicinctus,0.9787234042553191,0.9787234042553191,1,0.978723404255319,0.9893617021276596,0.9920212765957447,0.9787234042553192
Clownfish_ENM,Amphiprion_chagosensis,0.8333333333333334,0.8333333333333334,1,0.8333333333333335,0.9166666666666666,1,0.8333333333333333
Clownfish_ENM,Amphiprion_chrysogaster,0.8571428571428571,0.9,0.95,0.8500000000000001,0.925,0.9475,0.8500000000000001
Clownfish_ENM,Amphiprion_chrysopterus,0.9149797570850202,0.9868995633187773,0.9213973799126638,0.908296943231441,0.9541484716157205,0.9486875727007493,0.908296943231441
Clownfish_ENM,Amphiprion_clarkii,0.566734279918864,0.9865819209039548,0.259180790960452,0.2457627118644068,0.6228813559322034,0.6389462438954323,0.2457627118644068
Clownfish_ENM,Amphiprion_ephippium,0.9821428571428571,0.9821428571428571,1,0.9821428571428572,0.9910714285714286,1,0.9821428571428572
Clownfish_ENM,Amphiprion_frenatus,0.7369942196531792,0.9586466165413534,0.6992481203007519,0.6578947368421053,0.8289473684210527,0.8065393747526711,0.6578947368421053
Clownfish_ENM,Amphiprion_fuscocaudatus,0.9047619047619048,0.9047619047619048,1,0.9047619047619047,0.9523809523809523,0.9761904761904762,0.9047619047619047
Clownfish_ENM,Amphiprion_latezonatus,0.8555555555555555,0.8555555555555555,1,0.8555555555555556,0.9277777777777778,0.9277777777777778,0.8555555555555556
Clownfish_ENM,Amphiprion_latifasciatus,0.9333333333333333,1,0.9285714285714286,0.9285714285714286,0.9642857142857143,0.981859410430839,0.9285714285714286
Clownfish_ENM,Amphiprion_leucokranos,0.8,0.8,1,0.8,0.9,0.95,0.8
Clownfish_ENM,Amphiprion_mccullochi,0.5,0.5,1,0.5,0.75,0.875,0.5
Clownfish_ENM,Amphiprion_melanopus,0.6794582392776524,0.8575498575498576,0.7378917378917379,0.5954415954415955,0.7977207977207977,0.8637622665400443,0.5954415954415955
Clownfish_ENM,Amphiprion_nigripes,0.95,0.95,1,0.95,0.975,0.98125,0.95
Clownfish_ENM,Amphiprion_ocellaris,0.6990394877267876,0.9864457831325302,0.588855421686747,0.5753012048192772,0.7876506024096386,0.83109849034693,0.5753012048192772
Clownfish_ENM,Amphiprion_omanensis,0.5294117647058824,0.5625,0.9375,0.5,0.75,0.755859375,0.5
Clownfish_ENM,Amphiprion_pacificus,0.75,0.75,1,0.75,0.875,0.9375,0.75
Clownfish_ENM,Amphiprion_percula,0.8545454545454545,0.9947089947089947,0.8359788359788359,0.8306878306878307,0.9153439153439153,0.9304785700288345,0.8306878306878307
Clownfish_ENM,Amphiprion_perideraion,0.6332622601279317,0.9845303867403314,0.4453038674033149,0.4298342541436464,0.7149171270718232,0.6981789322670248,0.4298342541436464
Clownfish_ENM,Amphiprion_polymnus,0.757085020242915,0.9121951219512195,0.7951219512195122,0.7073170731707319,0.8536585365853658,0.8513384889946459,0.7073170731707317
Clownfish_ENM,Amphiprion_rubrocinctus,0.9736842105263158,0.9955156950672646,0.9775784753363229,0.9730941704035874,0.9865470852017937,0.98684872006274,0.9730941704035874
Clownfish_ENM,Amphiprion_sandaracinos,0.7230046948356808,0.9506172839506173,0.6851851851851852,0.6358024691358026,0.8179012345679012,0.8527853985672915,0.6358024691358024
Clownfish_ENM,Amphiprion_sebae,0.72,0.9473684210526315,0.6842105263157895,0.631578947368421,0.8157894736842105,0.8151738996614342,0.631578947368421
Clownfish_ENM,Amphiprion_tricinctus,0.95,0.95,1,0.95,0.975,1,0.95
Clownfish_ENM,Premnas_biaculeatus,0.7014531043593131,0.9833333333333333,0.5981481481481481,0.5814814814814815,0.7907407407407407,0.8160116598079561,0.5814814814814815
